PCA
Standard deviations (1, .., p=4):
[1] 2.267283e+06 1.015585e+03 1.328710e+00 1.585232e-15

Rotation (n x k) = (4 x 4):
                          PC1           PC2           PC3           PC4
Price            9.999999e-01  0.0004017715 -1.426029e-07  0.000000e+00
Area.in.sq.ft    4.017713e-04 -0.9999989655  1.381145e-03  1.084202e-19
No..of.Bedrooms  2.915416e-07 -0.0009766172 -7.071061e-01  7.071068e-01
No..of.Bathrooms 2.915416e-07 -0.0009766172 -7.071061e-01 -7.071068e-01